19x30:
1
1
1
1
1
1
1
1
1
0.211764705882353
0.211764705882353
0.211764705882353
0.211764705882353
0.211764705882353
0.2
0.658823529411765
0.498039215686275
0.443137254901961
0.450980392156863
1
1
1
1
1
1
1
1
1
0.211764705882353
0.211764705882353
0.211764705882353
0.211764705882353
0.211764705882353
0.2
0.647058823529412
0.63921568627451
0.615686274509804
0.619607843137255
1
1
1
1
1
1
1
1
1
0.219607843137255
0.219607843137255
0.219607843137255
0.215686274509804
0.2
0.215686274509804
0.427450980392157
0.662745098039216
0.705882352941177
0.694117647058824
1
1
1
1
1
1
1
1
1
0.105882352941176
0.105882352941176
0.0980392156862745
0.141176470588235
0.427450980392157
0.0235294117647059
0.0823529411764706
0.701960784313725
0.827450980392157
0.803921568627451
1
1
1
1
1
1
1
1
1
0.0862745098039216
0.0862745098039216
0.0784313725490196
0.129411764705882
0.52156862745098
0.137254901960784
0.0901960784313725
0.635294117647059
0.752941176470588
0.729411764705882
1
1
1
1
1
1
1
1
1
0.0745098039215686
0.0745098039215686
0.0784313725490196
0.0901960784313725
0.125490196078431
0.0509803921568627
0.00784313725490196
0.172549019607843
0.207843137254902
0.203921568627451
1
1
1
1
1
1
1
1
1
0.180392156862745
0.172549019607843
0.145098039215686
0.176470588235294
0.137254901960784
0.145098039215686
0.149019607843137
0.109803921568627
0.0901960784313725
0.0901960784313725
1
1
1
1
1
1
1
1
1
0.243137254901961
0.227450980392157
0.180392156862745
0.254901960784314
0.274509803921569
0.290196078431373
0.63921568627451
0.282352941176471
0.184313725490196
0.215686274509804
1
1
1
1
1
1
1
1
1
0.231372549019608
0.231372549019608
0.223529411764706
0.16078431372549
0.149019607843137
0.403921568627451
0.733333333333333
0.27843137254902
0.152941176470588
0.227450980392157
1
1
1
1
1
1
1
1
1
0.215686274509804
0.258823529411765
0.2
0.0823529411764706
0.0862745098039216
0.450980392156863
0.317647058823529
0.43921568627451
0.462745098039216
0.27843137254902
1
1
1
1
1
1
1
1
1
0.188235294117647
0.223529411764706
0.0509803921568627
0.141176470588235
0.168627450980392
0.345098039215686
0.250980392156863
0.780392156862745
0.686274509803922
0.298039215686275
1
1
1
1
1
1
1
1
1
0.180392156862745
0.149019607843137
0.0627450980392157
0.0941176470588235
0.141176470588235
0.282352941176471
0.654901960784314
0.694117647058824
0.333333333333333
0.141176470588235
1
1
1
1
1
1
1
1
1
0.184313725490196
0.0666666666666667
0.113725490196078
0.0705882352941176
0.0627450980392157
0.184313725490196
0.470588235294118
0.207843137254902
0.176470588235294
0.0705882352941176
1
1
0
0
1
1
1
1
1
0.211764705882353
0.164705882352941
0.0980392156862745
0.0784313725490196
0.105882352941176
0.0980392156862745
0.149019607843137
0.192156862745098
0.298039215686275
0.133333333333333
1
0
0
0
0
1
1
1
1
0.274509803921569
0.235294117647059
0.145098039215686
0.16078431372549
0.137254901960784
0.0588235294117647
0.00392156862745098
0.564705882352941
0.396078431372549
0.101960784313725
0
0
0
0
0
1
1
1
1
0.227450980392157
0.168627450980392
0.0666666666666667
0.258823529411765
0.2
0.0666666666666667
0.129411764705882
0.588235294117647
0.388235294117647
0.0980392156862745
0
0
0
0
0
0
1
1
1
0.152941176470588
0.109803921568627
0.0313725490196078
0.172549019607843
0.137254901960784
0.0549019607843137
0.176470588235294
0.231372549019608
0.211764705882353
0.184313725490196
0
0
0
0
0
0
0
1
1
0.113725490196078
0.0941176470588235
0.0392156862745098
0.0705882352941176
0.0980392156862745
0.12156862745098
0.168627450980392
0.16078431372549
0.164705882352941
0.172549019607843
0
0
0
0
0
0
0
0
0
0
0.109803921568627
0.0745098039215686
0.101960784313725
0.0666666666666667
0.0705882352941176
0.188235294117647
0.2
0.2
0.2
0
0
0
0
0
0
0
0
0
0
0.0980392156862745
0.0509803921568627
0.0823529411764706
0.0941176470588235
0.0235294117647059
0.337254901960784
0.372549019607843
0.368627450980392
0.368627450980392
1
1
0
0
0
0
0
0
0
0
0.109803921568627
0.0470588235294118
0.0745098039215686
0.109803921568627
0
0.454901960784314
0.513725490196078
0.501960784313725
0.501960784313725
1
1
0
0
0
0
0
0
0
0
0.12156862745098
0.0588235294117647
0.0745098039215686
0.105882352941176
0.0274509803921569
0.47843137254902
0.529411764705882
0.52156862745098
0.52156862745098
1
1
1
0
0
0
0
0
0
0
0.125490196078431
0.0705882352941176
0.0745098039215686
0.101960784313725
0.0431372549019608
0.529411764705882
0.588235294117647
0.576470588235294
0.576470588235294
1
1
1
1
0
0
0
0
0
0
0.117647058823529
0.0549019607843137
0.0784313725490196
0.0823529411764706
0.117647058823529
0.666666666666667
0.729411764705882
0.717647058823529
0.717647058823529
1
1
1
1
1
0
0
0
0
0.00392156862745098
0.0862745098039216
0.0313725490196078
0.0588235294117647
0.0784313725490196
0.192156862745098
0.694117647058824
0.752941176470588
0.741176470588235
0.741176470588235
1
1
1
1
1
1
0
0
0
0.0117647058823529
0.0901960784313725
0.0705882352941176
0.0745098039215686
0.105882352941176
0.0666666666666667
0.501960784313725
0.556862745098039
0.545098039215686
0.545098039215686
1
1
1
1
1
1
1
0
0
0.00392156862745098
0.0627450980392157
0.0784313725490196
0.0980392156862745
0.0901960784313725
0.0470588235294118
0.294117647058824
0.325490196078431
0.32156862745098
0.32156862745098
1
1
1
1
1
1
1
0
0
0
0.00784313725490196
0.105882352941176
0.105882352941176
0.0705882352941176
0.0588235294117647
0.0784313725490196
0.0784313725490196
0.0784313725490196
0.0784313725490196
1
1
1
1
1
1
1
1
0
0
0
0.0313725490196078
0.0431372549019608
0.149019607843137
0.709803921568627
0.152941176470588
0.0823529411764706
0.0941176470588235
0.0941176470588235
1
1
1
1
1
1
1
1
1
0
0
0.0352941176470588
0.27843137254902
0.305882352941176
0.717647058823529
0.149019607843137
0.0823529411764706
0.0941176470588235
0.0941176470588235
