19x30:
1
1
1
1
1
1
1
1
1
0.298039215686275
0.298039215686275
0.298039215686275
0.298039215686275
0.298039215686275
0.286274509803922
0.772549019607843
0.498039215686275
0.423529411764706
0.435294117647059
1
1
1
1
1
1
1
1
1
0.298039215686275
0.298039215686275
0.298039215686275
0.298039215686275
0.298039215686275
0.286274509803922
0.76078431372549
0.682352941176471
0.643137254901961
0.650980392156863
1
1
1
1
1
1
1
1
1
0.294117647058824
0.294117647058824
0.294117647058824
0.290196078431373
0.286274509803922
0.309803921568627
0.411764705882353
0.698039215686274
0.752941176470588
0.745098039215686
1
1
1
1
1
1
1
1
1
0.376470588235294
0.376470588235294
0.372549019607843
0.392156862745098
0.505882352941176
0.0431372549019608
0.0352941176470588
0.694117647058824
0.835294117647059
0.807843137254902
1
1
1
1
1
1
1
1
1
0.392156862745098
0.392156862745098
0.384313725490196
0.415686274509804
0.576470588235294
0.101960784313725
0.0666666666666667
0.596078431372549
0.709803921568627
0.686274509803922
1
1
1
1
1
1
1
1
1
0.392156862745098
0.388235294117647
0.376470588235294
0.364705882352941
0.313725490196078
0.0823529411764706
0
0.243137254901961
0.294117647058824
0.286274509803922
1
1
1
1
1
1
1
1
1
0.372549019607843
0.392156862745098
0.470588235294118
0.43921568627451
0.301960784313725
0.172549019607843
0.192156862745098
0.368627450980392
0.415686274509804
0.411764705882353
1
1
1
1
1
1
1
1
1
0.36078431372549
0.396078431372549
0.52156862745098
0.517647058823529
0.364705882352941
0.305882352941176
0.670588235294118
0.556862745098039
0.494117647058824
0.474509803921569
1
1
1
1
1
1
1
1
1
0.368627450980392
0.407843137254902
0.509803921568627
0.243137254901961
0.2
0.423529411764706
0.776470588235294
0.450980392156863
0.341176470588235
0.36078431372549
1
1
1
1
1
1
1
1
1
0.352941176470588
0.43921568627451
0.376470588235294
0.0705882352941176
0.0705882352941176
0.47843137254902
0.407843137254902
0.533333333333333
0.572549019607843
0.431372549019608
1
1
1
1
1
1
1
1
1
0.329411764705882
0.447058823529412
0.176470588235294
0.164705882352941
0.192156862745098
0.435294117647059
0.368627450980392
0.835294117647059
0.796078431372549
0.501960784313725
1
1
1
1
1
1
1
1
1
0.305882352941176
0.309803921568627
0.129411764705882
0.137254901960784
0.301960784313725
0.407843137254902
0.745098039215686
0.772549019607843
0.490196078431373
0.384313725490196
1
1
1
1
1
1
1
1
1
0.27843137254902
0.172549019607843
0.196078431372549
0.109803921568627
0.274509803921569
0.36078431372549
0.588235294117647
0.36078431372549
0.392156862745098
0.164705882352941
1
1
0
0
1
1
1
1
1
0.352941176470588
0.337254901960784
0.16078431372549
0.113725490196078
0.168627450980392
0.388235294117647
0.298039215686275
0.43921568627451
0.466666666666667
0.172549019607843
1
0
0
0
0
1
1
1
1
0.494117647058824
0.454901960784314
0.262745098039216
0.223529411764706
0.266666666666667
0.231372549019608
0.305882352941176
0.662745098039216
0.52156862745098
0.168627450980392
0
0
0
0
0
1
1
1
1
0.356862745098039
0.286274509803922
0.156862745098039
0.411764705882353
0.309803921568627
0.258823529411765
0.282352941176471
0.670588235294118
0.533333333333333
0.168627450980392
0
0
0
0
0
0
1
1
1
0.176470588235294
0.12156862745098
0.0313725490196078
0.282352941176471
0.282352941176471
0.156862745098039
0.145098039215686
0.180392156862745
0.168627450980392
0.137254901960784
0
0
0
0
0
0
0
1
1
0.333333333333333
0.250980392156863
0.00784313725490196
0.0588235294117647
0.0784313725490196
0.0705882352941176
0.0784313725490196
0.0745098039215686
0.0745098039215686
0.0823529411764706
0
0
0
0
0
0
0
0
0
0
0.337254901960784
0.0274509803921569
0.0980392156862745
0.0745098039215686
0.0823529411764706
0.133333333333333
0.137254901960784
0.137254901960784
0.137254901960784
0
0
0
0
0
0
0
0
0
0
0.333333333333333
0.0352941176470588
0.0823529411764706
0.101960784313725
0.0470588235294118
0.290196078431373
0.32156862745098
0.313725490196078
0.313725490196078
1
1
0
0
0
0
0
0
0
0
0.341176470588235
0.0470588235294118
0.0588235294117647
0.105882352941176
0.00392156862745098
0.407843137254902
0.458823529411765
0.447058823529412
0.447058823529412
1
1
0
0
0
0
0
0
0
0
0.36078431372549
0.0509803921568627
0.0705882352941176
0.117647058823529
0.00392156862745098
0.423529411764706
0.474509803921569
0.466666666666667
0.466666666666667
1
1
1
0
0
0
0
0
0
0
0.337254901960784
0.0431372549019608
0.0745098039215686
0.113725490196078
0.0117647058823529
0.501960784313725
0.56078431372549
0.552941176470588
0.552941176470588
1
1
1
1
0
0
0
0
0
0
0.305882352941176
0.0392156862745098
0.0588235294117647
0.0823529411764706
0.0745098039215686
0.658823529411765
0.725490196078431
0.713725490196078
0.713725490196078
1
1
1
1
1
0
0
0
0
0.0156862745098039
0.266666666666667
0.0549019607843137
0.0784313725490196
0.0784313725490196
0.137254901960784
0.666666666666667
0.729411764705882
0.717647058823529
0.717647058823529
1
1
1
1
1
1
0
0
0
0.0274509803921569
0.227450980392157
0.0784313725490196
0.113725490196078
0.101960784313725
0.0823529411764706
0.505882352941176
0.56078431372549
0.549019607843137
0.549019607843137
1
1
1
1
1
1
1
0
0
0.0117647058823529
0.129411764705882
0.0470588235294118
0.0980392156862745
0.0745098039215686
0.0980392156862745
0.301960784313725
0.325490196078431
0.32156862745098
0.32156862745098
1
1
1
1
1
1
1
0
0
0
0.00784313725490196
0.0745098039215686
0.101960784313725
0.0666666666666667
0.101960784313725
0.0745098039215686
0.0745098039215686
0.0745098039215686
0.0745098039215686
1
1
1
1
1
1
1
1
0
0
0
0.0549019607843137
0.0392156862745098
0.133333333333333
0.705882352941177
0.149019607843137
0.0784313725490196
0.0901960784313725
0.0901960784313725
1
1
1
1
1
1
1
1
1
0.0196078431372549
0.0352941176470588
0.0470588235294118
0.301960784313725
0.329411764705882
0.717647058823529
0.145098039215686
0.0784313725490196
0.0901960784313725
0.0901960784313725
