19x30:
0
0
0
0
0
0
0
0
0
0
0
0
0
0
0
0
0.00784313725490196
0.00392156862745098
0
0
0
0
0
0
0
0
0
0
0
0
0
0
0
0
0.00392156862745098
0.0235294117647059
0.00784313725490196
0
0
0
0
0
0
0
0
0
0
0
0
0
0
0
0
0.0588235294117647
0.0313725490196078
0.00392156862745098
0
0
0
0
0
0
0
0
0
0
0
0
0
0
0
0.0431372549019608
0.329411764705882
0.0784313725490196
0
0
0
0
0
0
0
0
0
0
0
0
0
0
0
0.0274509803921569
0.470588235294118
0.607843137254902
0.117647058823529
0
0
0
0
0
0
0
0
0
0
0
0
0
0
0.0117647058823529
0.313725490196078
0.862745098039216
0.768627450980392
0.141176470588235
0
0
0
0
0
0
0
0
0
0
0
0
0
0
0.152941176470588
0.843137254901961
0.996078431372549
0.858823529411765
0.2
0
0
0
0
0
0
0
0
0
0
0
0
0
0.0196078431372549
0.52156862745098
0.992156862745098
1
0.988235294117647
0.415686274509804
0.0196078431372549
0
0
0
0
0
0
0
0
0
0
0
0
0.180392156862745
0.92156862745098
1
1
1
0.768627450980392
0.0784313725490196
0
0
0
0
0
0
0
0
0
0
0
0.113725490196078
0.568627450980392
0.992156862745098
1
1
1
0.968627450980392
0.364705882352941
0.00784313725490196
0
0
0
0
0
0
0
0
0
0.0509803921568627
0.427450980392157
0.945098039215686
1
1
1
1
1
0.835294117647059
0.149019607843137
0
0
0
0
0
0
0
0
0
0.16078431372549
0.8
1
1
1
1
1
1
0.984313725490196
0.32156862745098
0
0
0
0
0
0
0
0
0
0.101960784313725
0.745098039215686
0.992156862745098
1
1
1
1
0.996078431372549
0.835294117647059
0.184313725490196
0
0
0.00392156862745098
0.00392156862745098
0
0
0
0
0
0.00392156862745098
0.341176470588235
0.968627450980392
1
1
1
1
0.854901960784314
0.184313725490196
0
0
0.00392156862745098
0.0509803921568627
0.0196078431372549
0
0
0
0
0
0
0.180392156862745
0.886274509803922
1
1
0.996078431372549
0.780392156862745
0.184313725490196
0
0
0
0.0352941176470588
0.137254901960784
0.137254901960784
0.0196078431372549
0
0
0
0
0
0.145098039215686
0.819607843137255
1
1
0.980392156862745
0.486274509803922
0.0549019607843137
0
0
0.00392156862745098
0.0509803921568627
0.168627450980392
0.2
0.149019607843137
0.0196078431372549
0
0
0
0
0.145098039215686
0.67843137254902
1
0.996078431372549
0.917647058823529
0.254901960784314
0.0156862745098039
0
0
0.00784313725490196
0.0745098039215686
0.176470588235294
0.2
0.2
0.172549019607843
0.0666666666666667
0
0
0
0.164705882352941
0.717647058823529
1
0.992156862745098
0.835294117647059
0.149019607843137
0
0
0
0.0313725490196078
0.12156862745098
0.192156862745098
0.2
0.2
0.2
0.2
0.156862745098039
0.0588235294117647
0.00392156862745098
0.196078431372549
0.756862745098039
1
0.996078431372549
0.835294117647059
0.113725490196078
0
0
0
0.00784313725490196
0.0901960784313725
0.184313725490196
0.2
0.2
0.2
0.2
0.2
0.184313725490196
0.0862745098039216
0.223529411764706
0.756862745098039
1
0.996078431372549
0.858823529411765
0.117647058823529
0
0
0
0
0
0.0431372549019608
0.152941176470588
0.196078431372549
0.2
0.2
0.196078431372549
0.125490196078431
0.0392156862745098
0.235294117647059
0.780392156862745
1
0.996078431372549
0.858823529411765
0.125490196078431
0
0
0
0
0
0
0.0352941176470588
0.141176470588235
0.2
0.2
0.188235294117647
0.0980392156862745
0.00784313725490196
0.254901960784314
0.827450980392157
1
0.992156862745098
0.815686274509804
0.145098039215686
0
0
0
0
0
0
0.00392156862745098
0.0549019607843137
0.164705882352941
0.2
0.196078431372549
0.141176470588235
0.0156862745098039
0.27843137254902
0.874509803921569
1
0.980392156862745
0.764705882352941
0.16078431372549
0.00392156862745098
0
0
0
0
0
0
0.00784313725490196
0.0823529411764706
0.180392156862745
0.2
0.196078431372549
0.109803921568627
0.301960784313725
0.92156862745098
1
0.980392156862745
0.737254901960784
0.156862745098039
0.00392156862745098
0
0
0
0
0
0
0
0.0156862745098039
0.109803921568627
0.192156862745098
0.2
0.207843137254902
0.396078431372549
0.968627450980392
1
0.980392156862745
0.741176470588235
0.133333333333333
0
0
0
0
0
0
0
0
0
0.0274509803921569
0.141176470588235
0.2
0.211764705882353
0.470588235294118
0.964705882352941
1
0.988235294117647
0.784313725490196
0.117647058823529
0
0
0
0
0
0
0
0
0
0
0.0509803921568627
0.180392156862745
0.207843137254902
0.407843137254902
0.835294117647059
0.984313725490196
0.996078431372549
0.796078431372549
0.109803921568627
0
0
0
0
0
0
0
0
0
0
0.00784313725490196
0.0784313725490196
0.196078431372549
0.266666666666667
0.556862745098039
0.870588235294118
0.917647058823529
0.607843137254902
0.0627450980392157
0
0
0
0
0
0
0
0
0
0
0
0.00392156862745098
0.0352941176470588
0.117647058823529
0.266666666666667
0.525490196078431
0.482352941176471
0.101960784313725
0.00392156862745098
0
0
0
0
0
0
0
0
0
0
0
0
0
0
0.0196078431372549
0.0705882352941176
0.0509803921568627
0.00392156862745098
0
0
0
0
