19x30:
1
1
1
1
1
1
1
1
1
0.23921568627451
0.23921568627451
0.23921568627451
0.23921568627451
0.23921568627451
0.223529411764706
0.792156862745098
0.52156862745098
0.435294117647059
0.450980392156863
1
1
1
1
1
1
1
1
1
0.23921568627451
0.23921568627451
0.23921568627451
0.23921568627451
0.23921568627451
0.223529411764706
0.780392156862745
0.717647058823529
0.67843137254902
0.682352941176471
1
1
1
1
1
1
1
1
1
0.243137254901961
0.243137254901961
0.243137254901961
0.243137254901961
0.227450980392157
0.243137254901961
0.474509803921569
0.745098039215686
0.788235294117647
0.776470588235294
1
1
1
1
1
1
1
1
1
0.176470588235294
0.176470588235294
0.168627450980392
0.203921568627451
0.454901960784314
0.0352941176470588
0.101960784313725
0.776470588235294
0.913725490196078
0.890196078431372
1
1
1
1
1
1
1
1
1
0.16078431372549
0.16078431372549
0.152941176470588
0.2
0.545098039215686
0.0980392156862745
0.0705882352941176
0.670588235294118
0.796078431372549
0.772549019607843
1
1
1
1
1
1
1
1
1
0.129411764705882
0.133333333333333
0.152941176470588
0.156862745098039
0.168627450980392
0.0313725490196078
0.0117647058823529
0.235294117647059
0.282352941176471
0.274509803921569
1
1
1
1
1
1
1
1
1
0.368627450980392
0.337254901960784
0.23921568627451
0.227450980392157
0.125490196078431
0.137254901960784
0.172549019607843
0.196078431372549
0.180392156862745
0.176470588235294
1
1
1
1
1
1
1
1
1
0.509803921568627
0.454901960784314
0.27843137254902
0.294117647058824
0.231372549019608
0.247058823529412
0.611764705882353
0.337254901960784
0.337254901960784
0.380392156862745
1
1
1
1
1
1
1
1
1
0.494117647058824
0.458823529411765
0.305882352941176
0.129411764705882
0.109803921568627
0.364705882352941
0.701960784313725
0.333333333333333
0.376470588235294
0.458823529411765
1
1
1
1
1
1
1
1
1
0.435294117647059
0.43921568627451
0.223529411764706
0.0274509803921569
0.0588235294117647
0.427450980392157
0.282352941176471
0.435294117647059
0.564705882352941
0.458823529411765
1
1
1
1
1
1
1
1
1
0.325490196078431
0.317647058823529
0.0274509803921569
0.125490196078431
0.156862745098039
0.32156862745098
0.215686274509804
0.737254901960784
0.690196078431373
0.419607843137255
1
1
1
1
1
1
1
1
1
0.270588235294118
0.152941176470588
0.0274509803921569
0.0549019607843137
0.125490196078431
0.243137254901961
0.619607843137255
0.662745098039216
0.317647058823529
0.247058823529412
1
1
1
1
1
1
1
1
1
0.215686274509804
0.0235294117647059
0.0549019607843137
0.0274509803921569
0.0313725490196078
0.152941176470588
0.415686274509804
0.168627450980392
0.172549019607843
0.16078431372549
1
1
0
0
1
1
1
1
1
0.32156862745098
0.215686274509804
0.0705882352941176
0.0392156862745098
0.0745098039215686
0.0588235294117647
0.117647058823529
0.176470588235294
0.313725490196078
0.219607843137255
1
0
0
0
0
1
1
1
1
0.529411764705882
0.419607843137255
0.109803921568627
0.125490196078431
0.109803921568627
0.0392156862745098
0.0117647058823529
0.619607843137255
0.447058823529412
0.188235294117647
0
0
0
0
0
1
1
1
1
0.341176470588235
0.254901960784314
0.0588235294117647
0.23921568627451
0.152941176470588
0.0392156862745098
0.141176470588235
0.63921568627451
0.447058823529412
0.188235294117647
0
0
0
0
0
0
1
1
1
0.188235294117647
0.137254901960784
0.0117647058823529
0.152941176470588
0.0941176470588235
0.0156862745098039
0.172549019607843
0.235294117647059
0.215686274509804
0.192156862745098
0
0
0
0
0
0
0
1
1
0.156862745098039
0.12156862745098
0.0235294117647059
0.0666666666666667
0.0823529411764706
0.0941176470588235
0.176470588235294
0.176470588235294
0.180392156862745
0.184313725490196
0
0
0
0
0
0
0
0
0
0
0.12156862745098
0.0274509803921569
0.0705882352941176
0.0941176470588235
0.0823529411764706
0.215686274509804
0.231372549019608
0.231372549019608
0.231372549019608
0
0
0
0
0
0
0
0
0
0
0.0941176470588235
0.0431372549019608
0.0745098039215686
0.105882352941176
0.0235294117647059
0.4
0.443137254901961
0.435294117647059
0.435294117647059
1
1
0
0
0
0
0
0
0
0
0.105882352941176
0.0588235294117647
0.0666666666666667
0.105882352941176
0
0.501960784313725
0.56078431372549
0.552941176470588
0.552941176470588
1
1
0
0
0
0
0
0
0
0
0.125490196078431
0.0509803921568627
0.0666666666666667
0.0862745098039216
0.0156862745098039
0.533333333333333
0.596078431372549
0.584313725490196
0.584313725490196
1
1
1
0
0
0
0
0
0
0
0.113725490196078
0.0431372549019608
0.0705882352941176
0.0745098039215686
0.0509803921568627
0.607843137254902
0.674509803921569
0.662745098039216
0.662745098039216
1
1
1
1
0
0
0
0
0
0
0.12156862745098
0.0431372549019608
0.0784313725490196
0.0627450980392157
0.133333333333333
0.733333333333333
0.8
0.788235294117647
0.788235294117647
1
1
1
1
1
0
0
0
0
0.00784313725490196
0.113725490196078
0.0392156862745098
0.0784313725490196
0.0470588235294118
0.192156862745098
0.749019607843137
0.807843137254902
0.796078431372549
0.796078431372549
1
1
1
1
1
1
0
0
0
0.00784313725490196
0.0784313725490196
0.0431372549019608
0.0549019607843137
0.0823529411764706
0.113725490196078
0.549019607843137
0.603921568627451
0.592156862745098
0.592156862745098
1
1
1
1
1
1
1
0
0
0.00392156862745098
0.0666666666666667
0.0745098039215686
0.0823529411764706
0.0980392156862745
0.137254901960784
0.36078431372549
0.384313725490196
0.380392156862745
0.380392156862745
1
1
1
1
1
1
1
0
0
0
0.00392156862745098
0.0862745098039216
0.101960784313725
0.109803921568627
0.152941176470588
0.145098039215686
0.141176470588235
0.141176470588235
0.141176470588235
1
1
1
1
1
1
1
1
0
0
0
0.0509803921568627
0.0666666666666667
0.211764705882353
0.792156862745098
0.219607843137255
0.145098039215686
0.156862745098039
0.156862745098039
1
1
1
1
1
1
1
1
1
0
0.0117647058823529
0.0431372549019608
0.298039215686275
0.337254901960784
0.8
0.215686274509804
0.145098039215686
0.156862745098039
0.156862745098039
