17
36
55
75
96
118
141
165
189
215
242
270
299
329
360
393
426
461
498
536
575
616
658
702
747
794
843
894
946
1000
1056
1114
1174
1236
1300
1366
1435
1506
1579
1654
1732
1812
1895
1980
2068
2159
2252
2348
2448
2550
2655
2763
2874
2988
3105
3226
3350
3478
3608
3743
3881
4022
4167
4316
4468
4625
4785
4949
5117
5289
5465
5645
5829
6017
6210
6407
6608
6813
7023
7237
7456
7679
7907
8139
8375
8616
8862
9112
9367
9626
9890
10159
10432
10710
10993
11280
11572
11868
12169
12475
12785
13100
13419
13743
14071
14404
14741
15083
15428
15779
16133
16492
16854
17221
17592
17967
18346
18729
19115
19506
19900
20297
20698
21102
21510
21921
22335
22752
23172
23595
24021
24450
24881
25314
25750
26188
26628
27070
27514
27960
28408
28857
29308
29760
30213
30667
31122
31578
32034
32492
32949
33407
33865
34324
34782
35240
35697
36155
36611
37067
37522
37976
38430
38881
39332
39781
40229
40675
41119
41561
42001
42439
42875
43309
43739
44168
44594
45017
45437
45854
46268
46679
47087
47491
47892
48289
48683
49074
49460
49843
50222
50597
50968
51335
51697
52056
52410
52761
53107
53448
53785
54118
54446
54770
55089
55404
55714
56020
56321
56617
56909
57196
57479
57757
58030
58299
58563
58822
59077
59327
59573
59814
60051
60283
60510
60733
60952
61166
61376
61581
61782
61979
62172
62360
62544
62724
62900
63072
63240
63404
63564
63721
63873
64022
64167
64309
64446
64581
64711
64839
64963
65084
65201
65315
65426
65534
