2537
2647
2761
2879
3001
3127
3258
3394
3534
3678
3828
3982
4142
4307
4477
4653
4834
5021
5213
5412
5616
5827
6044
6267
6496
6733
6975
7225
7481
7744
8015
8292
8577
8869
9168
9475
9789
10111
10441
10778
11124
11477
11838
12207
12584
12969
13362
13763
14172
14590
15015
15449
15891
16341
16799
17265
17739
18221
18711
19208
19714
20227
20747
21276
21811
22354
22904
23461
24025
24596
25173
25756
26346
26942
27543
28151
28763
29381
30004
30631
31263
31899
32539
33182
33829
34479
35131
35786
36444
37102
37763
38424
39086
39748
40411
41073
41734
42394
43053
43710
44364
45016
45665
46310
46951
47588
48220
48847
49468
50083
50692
51294
51889
52476
53055
53625
54187
54739
55281
55814
56336
56846
57346
57834
58310
58773
59224
59662
60086
60496
60892
61274
61641
61993
62330
62651
62956
63245
63518
63775
64014
64237
64442
64631
64801
64955
65090
65208
65307
65389
65453
65498
65525
65535
65525
65498
65453
65389
65307
65208
65090
64955
64801
64631
64442
64237
64014
63775
63518
63245
62956
62651
62330
61993
61641
61274
60892
60496
60086
59662
59224
58773
58310
57834
57346
56846
56336
55814
55281
54739
54187
53625
53055
52476
51889
51294
50692
50083
49468
48847
48220
47588
46951
46310
45665
45016
44364
43710
43053
42394
41734
41073
40411
39748
39086
38424
37763
37102
36444
35786
35131
34479
33829
33182
32539
31899
31263
30631
30004
29381
28763
28151
27543
26942
26346
25756
25173
24596
24025
23461
22904
22354
21811
21276
20747
20227
19714
19208
18711
18221
17739
17265
16799
16341
15891
15449
