0
13
34
70
105
169
240
295
363
452
553
661
781
932
1113
1256
1416
1576
1735
1907
2088
2258
2433
2608
2794
2979
3190
3407
3605
3819
4069
4306
4509
4738
4954
5173
5431
5669
5896
6116
6369
6665
6942
7253
7577
7897
8201
8475
8706
8928
9166
9404
9606
9808
9985
10122
10219
10285
10363
10442
10510
10574
10639
10713
10785
10864
10933
11008
11085
11183
11277
11358
11445
11535
11615
11707
11787
11872
11968
12060
12143
12235
12310
12392
12491
12584
12683
12757
12840
12906
12980
13045
13113
13171
13254
13339
13414
13489
13564
13628
13701
13774
13832
13890
13948
13997
14047
14102
14153
14218
14280
14333
14385
14442
14488
14531
14567
14604
14656
14697
14745
14789
14837
14884
14925
14960
15003
15060
15116
15166
15225
15276
15335
15382
15437
15484
15541
15585
15625
15659
15691
15718
15757
15795
15821
15856
15884
15906
15935
15958
15976
15992
16009
16024
16040
16054
16068
16077
16089
16097
16114
16126
16141
16152
16162
16172
16181
16191
16197
16205
16219
16225
16232
16239
16247
16256
16261
16269
16278
16285
16290
16294
16298
16299
16304
16308
16311
16316
16321
16326
16330
16334
16336
16337
16339
16344
16345
16347
16349
16352
16354
16359
16361
16362
16364
16366
16370
16370
16372
16374
16376
16379
16380
16381
16381
16381
16381
16383
16383
16383
16384
16384
16384
16384
16384
16384
16384
16384
16384
16384
16384
16384
16384
16384
16384
16384
16384
16384
16384
16384
16384
16384
16384
16384
16384
16384
16384
16384
16384
16384
16384
16384
16384
16384
16384
16384
